octave:35> 
octave:35> 
octave:35> generate_triplets(1,1000,1,1000)

Time To Complete Triplet Generation: Elapsed time is 0.0727651 seconds.


REACHED THE END!!!:

ans =

     1     1     1
     1     5     7
     2    10    14
     7    13    17
     3    15    21
     7    17    23
     4    20    28
    17    25    31
    14    26    34
     5    25    35
     1    29    41
     6    30    42
    14    34    46
    23    37    47
     7    35    49
    31    41    49
    21    39    51
     8    40    56
    34    50    62
     9    45    63
    28    52    68
    21    51    69
    10    50    70
    49    61    71
    17    53    73
    11    55    77
    47    65    79
     2    58    82
    12    60    84
    35    65    85
    23    65    89
    13    65    91
    28    68    92
    51    75    93
    46    74    94
    71    85    97
    14    70    98
    62    82    98
    42    78   102
     7    73   103
    15    75   105
    16    80   112
    41    85   113
    35    85   115
    17    85   119
    41    89   119
    49    91   119
    79   101   119
     3    87   123
    68   100   124
    18    90   126
    97   113   127
    19    95   133
    56   104   136
     7    97   137
    42   102   138
    20   100   140
    69   111   141
    98   122   142
    34   106   146
    21   105   147
    93   123   147
    31   109   151
    63   117   153
    22   110   154
    85   125   155
    94   130   158
    23   115   161
    49   119   161
    73   125   161
   127   145   161
     4   116   164
   119   145   167
    24   120   168
    70   130   170
    25   125   175
    46   130   178
    26   130   182
    56   136   184
   102   150   186
    77   143   187
    92   148   188
    27   135   189
    89   149   191
    17   137   193
   142   170   194
    28   140   196
   124   164   196
   161   181   199
    29   145   203
    84   156   204
     5   145   205
    14   146   206
    63   153   207
    30   150   210
   147   183   213
    31   155   217
    47   157   217
   113   173   217
   119   175   217
    51   159   219
    91   169   221
   167   197   223
    32   160   224
    82   170   226
    70   170   230
    33   165   231
   119   185   233
   115   185   235
   141   195   237
    34   170   238
    82   178   238
    98   182   238
   158   202   238
     1   169   239
   199   221   241
    35   175   245
   155   205   245
     6   174   246
   136   200   248
    36   180   252
    77   187   253
   194   226   254
   105   195   255
    49   185   257
    37   185   259
    73   193   263
    38   190   266
    69   195   267
   103   205   271
   112   208   272
    39   195   273
    14   194   274
    84   204   276
   153   225   279
    40   200   280
   161   229   281
   138   222   282
   196   244   284
     7   203   287
    41   205   287
   223   257   287
   241   265   287
    23   205   289
   119   221   289
   213   255   291
    68   212   292
    42   210   294
   186   246   294
    91   221   299
    43   215   301
    62   218   302
   126   234   306
    44   220   308
    21   219   309
   170   250   310
    31   221   311
   103   233   313
    45   225   315
   188   260   316
    46   230   322
    98   238   322
   146   250   322
   254   290   322
   133   247   323
     8   232   328
    47   235   329
    89   241   329
   161   259   329
   191   269   329
   238   290   334
    48   240   336
   287   313   337
   123   255   339
   140   260   340
   187   275   341
    49   245   343
   151   265   343
   217   287   343
   105   255   345
    50   250   350
   217   293   353
   245   305   355
    92   260   356
    51   255   357
   123   267   357
   147   273   357
   237   303   357
   287   325   359
    52   260   364
    85   265   365
   137   277   367
   112   272   368
     9   261   369
    53   265   371
   204   300   372
   154   286   374
   184   296   376
    54   270   378
   291   339   381
   178   298   382
   233   317   383
    55   275   385
    34   274   386
   284   340   388
    71   281   391
   119   289   391
   161   299   391
   337   365   391
    56   280   392
   248   328   392
   235   325   395
   322   362   398
    57   285   399
    79   289   401
   221   325   403
    58   290   406
   168   312   408
   137   305   409
    10   290   410
    21   291   411
    28   292   412
    59   295   413
   126   306   414
    60   300   420
   207   333   423
   175   325   425
   294   366   426
    61   305   427
    17   305   431
   281   365   433
    62   310   434
    94   314   434
   226   346   434
   238   350   434
   133   323   437
   102   318   438
   359   401   439
    63   315   441
   279   369   441
   182   338   442
   115   325   445
   334   394   446
    64   320   448
   391   421   449
    11   319   451
   164   340   452
    93   327   453
    65   325   455
    49   325   457
   189   351   459
   140   340   460
    66   330   462
   113   337   463
   255   375   465
   238   370   466
    67   335   469
   230   370   470
   282   390   474
    68   340   476
   164   356   476
   196   364   476
   316   404   476
     2   338   478
   119   349   479
   398   442   482
    69   345   483
   147   357   483
   219   375   483
   381   435   483
   355   425   485
   217   377   487
    70   350   490
   310   410   490
    12   348   492
   203   377   493
   272   400   496
    47   353   497
    71   355   497
   193   377   497
   343   427   497
   357   435   501
   329   425   503
    72   360   504
   154   374   506
   388   452   508
   210   390   510
    73   365   511
   119   371   511
   271   409   511
   449   481   511
    98   370   514
    35   365   515
   253   407   517
    74   370   518
   353   445   521
    75   375   525
   146   386   526
    23   373   527
   217   403   527
   289   425   527
   439   485   527
   151   389   529
   161   391   529
    76   380   532
    13   377   533
   138   390   534
    77   385   539
   341   451   539
   206   410   542
   224   416   544
    78   390   546
    28   388   548
   168   408   552
    79   395   553
    97   397   553
   263   433   553
   329   455   553
   306   450   558
    80   400   560
   231   429   561
   322   458   562
   276   444   564
   205   425   565
    81   405   567
   392   488   568
   383   485   569
   267   447   573
    14   406   574
    82   410   574
   446   514   574
   482   530   574
   175   425   575
   511   545   577
    46   410   578
   238   442   578
    51   411   579
    83   415   581
   426   510   582
   136   424   584
    84   420   588
   372   492   588
   323   475   589
   257   457   593
    85   425   595
   205   445   595
   245   455   595
   395   505   595
   483   543   597
   182   442   598
   193   445   599
     7   425   601
    86   430   602
   124   436   604
   343   493   607
    87   435   609
   299   481   611
   252   468   612
    15   435   615
    88   440   616
   433   533   617
    42   438   618
   340   500   620
   189   459   621
    62   442   622
    89   445   623
   161   455   623
   313   493   623
   527   577   623
   206   466   626
   259   481   629
    90   450   630
    71   449   631
   376   520   632
   485   565   635
    91   455   637
   403   533   637
   441   549   639
   119   461   641
    92   460   644
   196   476   644
   292   500   644
   508   580   644
   266   494   646
   577   613   647
    93   465   651
   141   471   651
   339   519   651
   357   525   651
    16   464   656
   153   477   657
    94   470   658
   178   482   658
   322   518   658
   382   538   658
   273   507   663
    95   475   665
   203   493   667
   476   580   668
   501   591   669
    96   480   672
   239   505   673
   574   626   674
   246   510   678
    41   481   679
    97   485   679
   239   509   679
   497   595   679
   280   520   680
   374   550   682
    35   485   685
    98   490   686
   302   530   686
   434   574   686
   210   510   690
    99   495   693
    17   493   697
   287   533   697
   329   545   697
   367   557   697
   357   555   699
   100   500   700
   345   555   705
   434   586   706
   101   505   707
   490   610   710
   423   585   711
   184   520   712
    41   505   713
   217   527   713
   391   575   713
   503   617   713
   102   510   714
   246   534   714
   294   546   714
   474   606   714
     3   507   717
   574   650   718
   161   521   719
    49   511   721
   103   515   721
   521   629   721
   647   685   721
   597   663   723
   623   677   727
   104   520   728
   170   530   730
   301   559   731
   274   554   734
   105   525   735
   465   615   735
   224   544   736
    18   522   738
   106   530   742
   127   533   743
   408   600   744
   308   572   748
   107   535   749
   289   569   751
   368   592   752
   155   545   755
   108   540   756
   231   561   759
    79   541   761
   582   678   762
   109   545   763
   356   596   764
   315   585   765
   466   634   766
   217   565   769
   110   550   770
   147   555   771
    68   548   772
   425   625   775
   568   680   776
   111   555   777
    19   551   779
   539   671   781
   142   562   782
   238   578   782
   322   598   782
   674   730   782
   112   560   784
   496   656   784
   219   579   789
   470   650   790
   113   565   791
   287   595   791
   311   601   791
   569   689   791
   644   724   796
   114   570   798
     7   565   799
   329   611   799
   391   629   799
   721   761   799
   207   585   801
   158   578   802
   187   583   803
   115   575   805
   245   595   805
   365   625   805
   635   725   805
   442   650   806
   409   641   809
   116   580   812
   309   615   813
   336   624   816
   274   610   818
   117   585   819
    20   580   820
    42   582   822
   511   685   823
    56   584   824
   118   590   826
   252   612   828
    97   593   833
   119   595   833
   287   623   833
   343   637   833
   527   697   833
   553   707   833
   617   733   833
   595   725   835
   459   675   837
   727   785   839
   120   600   840
   483   687   843
   414   666   846
   121   605   847
   350   650   850
   259   629   851
   588   732   852
   122   610   854
   487   697   857
    21   609   861
   123   615   861
   669   771   861
   723   795   861
    34   610   862
   191   625   863
   562   730   866
    69   615   867
   357   663   867
   124   620   868
   188   628   868
   452   692   868
   476   700   868
   517   715   869
   639   765   873
   266   646   874
   125   625   875
   204   636   876
   718   802   878
   799   841   881
   126   630   882
   558   738   882
   364   676   884
   257   653   887
    31   629   889
   127   635   889
   289   661   889
   679   791   889
   230   650   890
   668   788   892
   437   703   893
   128   640   896
   273   663   897
   782   842   898
   493   725   899
   371   689   901
    22   638   902
   129   645   903
   328   680   904
   186   654   906
   130   650   910
   391   701   911
    98   650   914
   131   655   917
   378   702   918
   401   709   919
   280   680   920
   637   793   923
   132   660   924
   226   674   926
    63   657   927
   497   745   929
   510   750   930
   133   665   931
   589   779   931
   476   740   932
    93   663   933
   385   715   935
   167   673   937
   134   670   938
   309   699   939
   460   740   940
    23   667   943
   287   697   943
   553   773   943
   607   793   943
   135   675   945
   564   780   948
   221   689   949
   136   680   952
   328   712   952
   392   728   952
   632   808   952
   721   845   953
   445   745   955
     4   676   956
   238   698   958
    49   679   959
   137   685   959
   713   845   959
   839   901   959
   161   689   961
   527   775   961
   796   884   964
    85   685   965
   138   690   966
   294   714   966
   438   750   966
   762   870   966
   881   925   967
   399   741   969
   710   850   970
   139   695   973
   434   754   974
   311   725   977
   253   715   979
   140   700   980
   620   820   980
    73   697   983
    24   696   984
   406   754   986
   141   705   987
   267   723   987
   483   777   987
   573   807   987
   301   731   989
   263   725   991
   544   800   992
    94   706   994
   142   710   994
   386   754   994
   686   854   994
   805   905   995

octave:36> out_arr = isolate_base_trips(ans)
error: 'isolate_base_trips' undefined near line 1 column 11
octave:36> out_arr = isolated_base_trips(ans)
out_arr =

     1     5     7
     7    13    17
     7    17    23
    17    25    31
     1    29    41
    23    37    47
    31    41    49
    49    61    71
    17    53    73
    47    65    79
    23    65    89
    71    85    97
     7    73   103
    41    85   113
    41    89   119
    79   101   119
    97   113   127
     7    97   137
    31   109   151
    73   125   161
   127   145   161
   119   145   167
    89   149   191
    17   137   193
   161   181   199
    47   157   217
   113   173   217
   167   197   223
   119   185   233
     1   169   239
   199   221   241
    49   185   257
    73   193   263
   103   205   271
   161   229   281
   223   257   287
   241   265   287
    23   205   289
    31   221   311
   103   233   313
    89   241   329
   191   269   329
   287   313   337
   151   265   343
   217   293   353
   287   325   359
   137   277   367
   233   317   383
    71   281   391
   337   365   391
    79   289   401
   137   305   409
    17   305   431
   281   365   433
   359   401   439
   391   421   449
    49   325   457
   113   337   463
   119   349   479
   217   377   487
    47   353   497
   193   377   497
   329   425   503
   271   409   511
   449   481   511
   353   445   521
    23   373   527
   439   485   527
   151   389   529
    97   397   553
   263   433   553
   383   485   569
   511   545   577
   257   457   593
   193   445   599
     7   425   601
   343   493   607
   433   533   617
   313   493   623
   527   577   623
    71   449   631
   119   461   641
   577   613   647
   239   505   673
    41   481   679
   239   509   679
   329   545   697
   367   557   697
    41   505   713
   503   617   713
   161   521   719
   521   629   721
   647   685   721
   623   677   727
   127   533   743
   289   569   751
    79   541   761
   217   565   769
   311   601   791
   569   689   791
     7   565   799
   721   761   799
   409   641   809
   511   685   823
    97   593   833
   617   733   833
   727   785   839
   487   697   857
   191   625   863
   799   841   881
   257   653   887
    31   629   889
   289   661   889
   391   701   911
   401   709   919
   497   745   929
   167   673   937
   553   773   943
   607   793   943
   721   845   953
   713   845   959
   839   901   959
   161   689   961
   881   925   967
   311   725   977
    73   697   983
   263   725   991

octave:37> 
octave:37> find_match(out_arr)

Starting find match


^C
octave:37> 
octave:37> 
octave:37> find_match(out_arr)

Starting find match.  Press Enter: 



Elapsed time is 134.774 seconds.

Large Array generated.  Press Enter: 


Elapsed time is 99.7021 seconds.

Rows & cols array generated.  Press Enter to continue: 





Elapsed time is 2031.15 seconds.

Two_parter_generated. Press Enter to continue: 


